#Species name here:
Model_1_../data/goa_pop_2019.dat
#SSL Species?
0
#Constant buffer of Dorn?
0
#Number of fisheries?
1
#Number of sexes?
1
#5year_Average_F(endyr-4,endyr_as_estimated_by_ADmodel)
0.015694
#_Author_F_as_fraction_F_40%
1
#ABC SPR
0.4
#MSY SPR
0.35
#_Spawn_month
5
#_Number_of_ages
28
#_F_ratio(must_sum_to_one_only_one_fishery)
1
#_Natural_Mortality 2 3 4 5 6 7 8 9 10 11 12 13 14 15 16 17 18 19 20 21 22 23 24 25 26 27 28 29
 0.0752963 0.0752963 0.0752963 0.0752963 0.0752963 0.0752963 0.0752963 0.0752963 0.0752963 0.0752963 0.0752963 0.0752963 0.0752963 0.0752963 0.0752963 0.0752963 0.0752963 0.0752963 0.0752963 0.0752963 0.0752963 0.0752963 0.0752963 0.0752963 0.0752963 0.0752963 0.0752963 0.0752963
#_Maturity_divided_by_2(projection_program_uses_to_get_female_spawning_biomass_if_divide_by_2 2 3 4 5 6 7 8 9 10 11 12 13 14 15 16 17 18 19 20 21 22 23 24 25 26 27 28 29
 0.00657105 0.0127563 0.0246193 0.0469894 0.0878553 0.158356 0.268761 0.417919 0.583771 0.732603 0.842568 0.9127 0.953321 0.975547 0.987331 0.993474 0.996649 0.998282 0.99912 0.999549 0.999769 0.999882 0.999939 0.999969 0.999984 0.999992 0.999996 0.999998
#_Wt_at_age_spawners 2 3 4 5 6 7 8 9 10 11 12 13 14 15 16 17 18 19 20 21 22 23 24 25 26 27 28 29
 43.5 96.7 164.6 240.2 318 393.7 464.7 529.4 587.3 638.1 682.3 720.3 752.8 780.3 803.6 823.1 839.5 853.2 864.6 874.2 882.1 888.7 894.1 898.7 902.4 905.5 908.1 915.3
#_Wt_at_age_fishery 2 3 4 5 6 7 8 9 10 11 12 13 14 15 16 17 18 19 20 21 22 23 24 25 26 27 28 29
 43.5 96.7 164.6 240.2 318 393.7 464.7 529.4 587.3 638.1 682.3 720.3 752.8 780.3 803.6 823.1 839.5 853.2 864.6 874.2 882.1 888.7 894.1 898.7 902.4 905.5 908.1 915.3
#_Selectivity_fishery_scaled_to_max_at_one 2 3 4 5 6 7 8 9 10 11 12 13 14 15 16 17 18 19 20 21 22 23 24 25 26 27 28 29
 nan nan nan nan nan nan nan nan nan nan nan nan nan nan nan nan nan nan nan nan nan nan nan nan nan nan nan nan
#_Numbers_at_age_end_year 2 3 4 5 6 7 8 9 10 11 12 13 14 15 16 17 18 19 20 21 22 23 24 25 26 27 28 29
 353.509 320.207 248.151 269.201 226.309 308.321 110.578 243.222 112.407 302.752 191.11 229.569 92.158 105.12 59.6798 125.089 83.8017 131.979 83.7831 119.839 49.4422 35.5937 57.7851 50.2233 17.8668 21.7211 17.2111 205.312
#_N_recruitment_years
39
#_Recruitment_start_at_1977_yearclass=1979_for_age_2_recruits 1979 1980 1981 1982 1983 1984 1985 1986 1987 1988 1989 1990 1991 1992 1993 1994 1995 1996 1997 1998 1999 2000 2001 2002 2003 2004 2005 2006 2007 2008 2009 2010 2011 2012 2013 2014 2015 2016 2017
 86.0634 73.8132 77.3454 106.1 111.656 122.724 187.527 284.272 263.722 419.384 323.102 266.26 114.933 152.947 155.656 180.657 136.423 351.541 370.384 208.734 265.103 587.618 376.255 543.653 316.775 433.807 189.806 306.471 246.159 561.388 427.615 619.811 210.768 418.645 175.258 451.264 306.492 337.746 288.592
#_Spawners per recruitment (starting at 1977)
 155.521 146.359 143.412 140.71 137.125 133.897 133.459 135.166 138.253 143.393 149.01 154.596 159.848 165.943 174.812 190.729 211.963 240.011 271.877 303.2 330.999 353.28 370.297 382.588 393.401 404.872 418.957 437.516 459.86 486.402 516.166 549.523 584.486 617.734 645.962 670.14 690.443 710.48 730.078 751.515 771.757
